18
34
49
43
31
33
52
47
51
69
39
51
36
43
40
47
58
33
47
48
32
40
-1
40
35
47
38
39
38
33
40
24
36
35
28
29
43
48
53
39
38
43
24
35
34
35
37
39
36
40
35
45
34
39
33
32
45
29
40
30
43
29
48
50
34
55
36
45
23
28
33
38
50
52
36
41
36
33
38
33
28
40
37
33
29
33
46
39
38
38
41
40
39
32
40
34
43
41
36
44
42
46
39
36
46
42
48
43
39
42
47
37
35
33
36
41
44
46
43
24
37
33
44
43
39
36
34
23
56
43
45
42
47
38
48
52
42
31
38
22
40
37
39
41
35
36
47
38
38
37
53
53
38
56
50
54
39
51
41
38
27
46
40
46
36
41
37
41
30
44
42
42
23
37
47
37
44
36
47
50
41
43
39
44
47
42
55
47
31
32
37
38
-1
38
37
37
43
39
47
33
53
50
35
34
45
52
59
59
41
35
56
67
47
51
55
59
32
47
54
45
43
50
51
45
55
49
44
44
45
50
55
36
46
59
43
25
30
52
39
39
41
50
46
52
-1
35
61
42
43
36
27
31
32
43
48
26
42
36
47
51
30
32
38
35
38
49
28
56
48
36
38
47
46
37
64
51
36
46
48
32
52
48
41
38
37
55
46
38
54
43
42
31
52
39
28
49
34
47
46
46
42
41
54
52
35
43
74
62
55
40
40
36
42
42
47
33
45
54
43
44
41
48
31
31
47
48
33
31
36
23
33
37
35
-1
20
33
42
29
25
26
42
43
30
33
31
48
31
35
38
39
37
36
37
38
-1
37
38
42
48
53
42
29
43
35
49
48
45
42
-1
41
41
45
40
38
43
29
66
61
60
41
56
35
48
39
31
29
-1
24
48
58
53
40
37
31
30
36
27
24
45
43
43
34
38
41
31
35
38
48
36
34
33
34
54
39
49
49
49
48
55
47
44
40
34
35
36
29
36
36
33
53
35
32
30
52
37
44
42
44
40
39
58
31
39
29
39
22
27
20
32
41
24
50
46
46
51
36
46
39
29
46
40
-1
51
24
52
33
38
48
30
44
34
30
44
43
38
36
48
33
48
55
48
52
50
49
53
39
32
57
18
33
43
41
31
32
36
43
49
40
39
37
51
47
44
46
43
36
37
43
47
35
27
35
40
30
29
33
41
27
39
40
49
52
49
59
55
42
48
51
47
48
52
48
37
31
28
42
27
31
35
33
19
47
20
52
36
48
37
32
51
55
47
38
45
41
49
54
60
54
54
56
49
45
49
37
39
44
45
-1
32
40
33
30
-1
53
42
38
42
54
52
55
36
31
42
38
37
33
45
40
50
48
32
49
-1
41
38
44
46
51
45
50
44
35
43
46
24
44
40
55
51
48
46
49
39
49
22
32
31
31
44
32
41
25
27
46
47
41
40
37
38
38
42
48
38
46
39
41
45
39
43
33
37
42
55
51
40
34
31
39
48
45
45
34
42
42
42
31
37
40
46
42
46
37
37
38
44
38
22
36
37
46
34
38
33
31
41
50
54
44
42
41
44
62
52
56
44
52
54
58
45
33
35
23
52
54
46
60
40
32
47
31
32
43
39
57
60
46
51
56
39
49
53
46
43
42
53
50
41
46
53
53
39
34
34
33
42
39
51
43
43
42
42
38
39
31
26
40
48
46
43
60
32
39
42
50
40
44
28
46
38
50
41
59
47
47
27
42
52
65
32
40
43
45
45
46
58
45
38
44
43
42
29
31
43
32
30
31
12
28
29
48
56
33
45
51
43
49
53
43
39
42
38
60
39
27
31
35
45
24
45
39
28
47
35
38
55
41
31
31
21
23
17
22
32
39
34
48
19
29
39
47
44
38
42
38
30
41
41
46
36
44
34
44
37
51
40
47
42
28
25
24
37
40
43
38
48
32
42
31
49
62
33
32
46
41
44
23
37
39
46
28
56
46
24
39
42
26
39
43
40
33
49
42
37
33
-1
37
49
35
40
24
48
40
41
38
31
50
40
43
42
44
40
38
28
36
44
56
44
31
26
30
45
42
45
49
30
46
47
23
40
46
37
40
38
42
38
37
43
45
42
39
40
41
43
30
44
49
38
37
44
42
43
47
47
33
30
50
32
25
52
39
40
38
49
43
44
48
43
33
35
33
27
23
44
62
52
40
49
45
49
32
40
52
31
52
30
53
41
44
40
39
47
35
49
43
34
28
43
32
44
29
41
48
46
59
38
17
29
37
43
20
30
31
31
34
40
42
43
44
40
56
50
44
53
40
49
37
37
33
30
37
36
49
42
43
36
39
47
32
42
33
50
33
33
32
27
38
27
36
30
35
39
42
43
21
36
28
57
35
46
32
39
37
57
37
40
34
28
36
36
40
25
43
43
55
47
48
36
46
44
46
46
34
59
34
39
51
41
43
39
43
48
39
43
35
43
47
35
40
44
46
39
42
40
45
46
40
41
39
52
35
53
45
38
38
52
35
32
37
40
32
28
39
41
43
28
-1
47
53
37
30
45
35
37
54
59
44
31
32
31
50
54
40
22
33
24
32
48
53
36
49
28
52
52
47
35
36
55
48
40
39
51
45
37
48
49
33
38
38
47
49
44
44
44
45
43
42
42
29
54
43
43
40
37
44
42
44
39
41
32
44
46
39
35
32
49
37
38
40
39
43
44
38
32
37
47
43
32
51
57
35
25
29
47
44
40
40
48
41
42
35
46
32
30
57
47
48
37
20
38
49
46
52
31
42
34
49
48
50
43
35
48
31
47
50
42
39
53
47
48
55
55
50
41
59
60
47
49
42
46
62
56
56
41
51
49
46
39
49
41
43
52
55
44
47
36
58
60
44
38
40
23
42
43
24
40
37
47
42
43
42
54
51
39
51
43
36
41
36
39
32
37
53
39
30
44
44
43
27
17
31
58
51
47
38
47
45
58
43
44
45
46
49
42
43
40
33
35
41
40
40
33
-1
42
47
50
47
30
42
27
45
38
31
35
27
40
47
29
24
33
32
44
37
43
-1
30
37
35
45
38
31
43
38
43
60
30
52
43
50
48
53
35
42
50
46
51
54
49
47
46
44
54
46
52
31
44
43
-1
-1
28
36
44
39
32
44
35
35
39
41
-1
23
49
54
35
34
34
40
38
37
41
43
41
22
35
46
44
44
42
32
40
34
49
47
57
67
38
48
38
57
47
39
38
44
43
29
50
43
41
45
49
49
38
40
38
43
49
60
53
52
53
56
59
48
52
49
-1
41
46
41
46
42
50
40
50
48
57
49
48
41
52
51
42
50
50
51
49
48
45
49
56
41
33
41
47
42
42
40
30
36
30
38
37
30
28
50
44
48
47
41
31
34
48
44
42
43
37
39
42
37
52
43
27
41
45
58
40
29
26
42
42
34
46
39
40
39
49
39
31
-1
34
45
32
36
42
39
41
37
35
42
36
36
32
34
25
59
42
56
53
44
42
47
48
27
30
34
53
31
34
28
28
41
36
37
33
32
35
49
34
32
28
47
51
58
58
48
57
40
37
42
47
45
36
47
44
36
41
45
30
48
47
30
27
39
43
44
41
29
29
41
